image_width: 640
image_height: 480
camera_name: 00b09d01009ec807_right
camera_matrix:
  rows: 3
  cols: 3
  data: [522.793394, 0, 331.454185, 0, 524.908867, 237.864959, 0, 0, 1]
distortion_model: plumb_bob
distortion_coefficients:
  rows: 1
  cols: 5
  data: [-0.361011, 0.174074, 0.001235, -0.000286, 0]
rectification_matrix:
  rows: 3
  cols: 3
  data: [0.99991, 0.002868, -0.01314, -0.002862, 0.999996, 0.000468, 0.013142, -0.000431, 0.999914]
projection_matrix:
  rows: 3
  cols: 4
  data: [486.817976, 0, 346.997738, -57.956321, 0, 486.817976, 237.061478, 0, 0, 0, 1, 0]
