# oST version 5.0 parameters


[image]

width
640

height
480

[narrow_stereo/left]

camera matrix
516.128081 0.000000 325.528133
0.000000 516.490014 236.814766
0.000000 0.000000 1.000000

distortion
-0.341131 0.132644 0.001194 0.001512 0.000000

rectification
0.999230 -0.000500 -0.039241
0.000529 1.000000 0.000743
0.039240 -0.000763 0.999230

projection
488.714226 0.000000 345.799881 0.000000
0.000000 488.714226 236.649885 0.000000
0.000000 0.000000 1.000000 0.000000

# oST version 5.0 parameters


[image]

width
640

height
480

[narrow_stereo/right]

camera matrix
523.724303 0.000000 322.057091
0.000000 523.896712 234.444022
0.000000 0.000000 1.000000

distortion
-0.332428 0.115477 0.001738 0.002217 0.000000

rectification
0.999856 -0.000140 -0.016975
0.000127 1.000000 -0.000754
0.016975 0.000752 0.999856

projection
488.714226 0.000000 345.799881 -58.181149
0.000000 488.714226 236.649885 0.000000
0.000000 0.000000 1.000000 0.000000

