# oST version 5.0 parameters


[image]

width
640

height
480

[narrow_stereo/left]

camera matrix
520.225954 0.000000 337.759120
0.000000 522.540167 234.483992
0.000000 0.000000 1.000000

distortion
-0.347693 0.140358 0.001315 0.000981 0.000000

rectification
0.999846 -0.000241 -0.017573
0.000233 1.000000 -0.000451
0.017573 0.000447 0.999845

projection
486.817976 0.000000 346.997738 0.000000
0.000000 486.817976 237.061478 0.000000
0.000000 0.000000 1.000000 0.000000

# oST version 5.0 parameters


[image]

width
640

height
480

[narrow_stereo/right]

camera matrix
522.793394 0.000000 331.454185
0.000000 524.908867 237.864959
0.000000 0.000000 1.000000

distortion
-0.361011 0.174074 0.001235 -0.000286 0.000000

rectification
0.999910 0.002868 -0.013140
-0.002862 0.999996 0.000468
0.013142 -0.000431 0.999914

projection
486.817976 0.000000 346.997738 -57.956321
0.000000 486.817976 237.061478 0.000000
0.000000 0.000000 1.000000 0.000000
